Time resolution is 1 ps
A    S[3] S[2] S[1] S[0]              Y
0     0    0    0    0        0000000000000000
0     0    0    0    1        0000000000000000
0     0    0    1    0        0000000000000000
0     0    0    1    1        0000000000000000
0     0    1    0    0        0000000000000000
0     0    1    0    1        0000000000000000
0     0    1    1    0        0000000000000000
0     0    1    1    1        0000000000000000
0     1    0    0    0        0000000000000000
0     1    0    0    1        0000000000000000
0     1    0    1    0        0000000000000000
0     1    0    1    1        0000000000000000
0     1    1    0    0        0000000000000000
0     1    1    0    1        0000000000000000
0     1    1    1    0        0000000000000000
1     0    0    0    0        0000000000000001
1     0    0    0    1        0000000000000010
1     0    0    1    0        0000000000000100
1     0    0    1    1        0000000000001000
1     0    1    0    0        0000000000010000
1     0    1    0    1        0000000000100000
1     0    1    1    0        0000000001000000
1     0    1    1    1        0000000010000000
1     1    0    0    0        0000000100000000
1     1    0    0    1        0000001000000000
1     1    0    1    0        0000010000000000
1     1    0    1    1        0000100000000000
1     1    1    0    0        0001000000000000
1     1    1    0    1        0010000000000000
1     1    1    1    0        0100000000000000
1     1    1    1    1        1000000000000000
$finish called at time : 310 ns
